23 45 81 131 195 273 365 471 591 725 873 1035 1211 1401 1605 1823 2055 2301 2561 2835 3123
10 9 7 18 72 228 601 1407 3030 6115 11691 21328 37332 62982 102813 162949 251490 378957 558799 807966 1147552
15 24 45 84 160 333 746 1690 3708 7756 15432 29276 53164 92931 157702 263310 441377 762715 1394801 2735901 5712640
9 23 37 51 65 79 93 107 121 135 149 163 177 191 205 219 233 247 261 275 289
-4 -3 1 6 15 44 130 350 877 2122 5057 11920 27747 63713 144400 323457 716912 1573135 3418095 7353718 15663901
11 11 6 -2 -6 19 151 584 1719 4277 9421 18878 35121 61944 106521 185777 343407 690347 1492628 3348666 7526272
24 34 55 114 262 593 1272 2573 4927 8979 15652 26215 42351 66220 100511 148476 213938 301264 415293 561208 744340
16 29 42 55 68 81 94 107 120 133 146 159 172 185 198 211 224 237 250 263 276
12 18 27 48 109 267 618 1307 2538 4584 7797 12618 19587 29353 42684 60477 83768 113742 151743 199284 258057
12 21 46 108 251 565 1227 2564 5142 9885 18228 32308 55197 91181 146089 227676 346064 514245 748650 1069788 1502959
